97889,50122
97889,51343
98146,51343
98146,52576
98367,52576
98367,53777
97984,53777
97984,54997
97927,54997
97927,56197
97692,56197
97692,57414
97589,57414
97589,58568
97111,58568
97111,59695
96575,59695
96575,61078
97193,61078
97193,62252
96830,62252
96830,63394
96362,63394
96362,64459
95677,64459
95677,65749
95695,65749
95695,66945
95398,66945
95398,68048
94849,68048
94849,69188
94400,69188
94400,70211
93694,70211
93694,71118
92776,71118
92776,72159
92158,72159
92158,73377
91866,73377
91866,74338
91105,74338
91105,75674
90958,75674
90958,76256
89619,76256
89619,77770
89682,77770
89682,78327
88370,78327
88370,79379
87755,79379
87755,80724
87484,80724
87484,81677
86710,81677
86710,81954
85188,81954
85188,82868
84401,82868
84401,84052
83879,84052
83879,85208
83297,85208
83297,85979
82340,85979
82340,86685
81330,86685
81330,87476
80399,87476
80399,87766
79079,87766
79079,88540
78149,88540
78149,89761
77524,89761
77524,89929
76169,89929
76169,91118
75483,91118
75483,91611
74352,91611
74352,92266
73318,92266
73318,92943
72292,92943
72292,93045
70978,93045
70978,93860
70017,93860
70017,93783
68656,93783
68656,94398
67603,94398
67603,94981
66528,94981
66528,94995
65251,94995
65251,95931
64282,95931
64282,95925
63014,95925
63014,96177
61830,96177
61830,97018
60784,97018
60784,96767
59486,96767
59486,97572
58401,97572
58401,97506
57153,97506
57153,97261
55896,97261
55896,98258
54782,98258
54782,97639
53505,97639
53505,98352
52328,98352
52328,98022
51094,98022
51094,97626
49878,97626
49878,97775
48667,97775
48667,98335
47424,98335
47424,97940
46226,97940
46226,97568
45040,97568
45040,97160
43871,97160
43871,97697
42568,97697
42568,97659
41332,97659
41332,97463
40119,97463
40119,96254
39141,96254
39141,96436
37850,96436
37850,96204
36651,96204
36651,95690
35536,95690
35536,95091
34458,95091
34458,94895
33241,94895
33241,94917
31924,94917
31924,93701
31113,93701
31113,93770
29753,93770
29753,92918
28811,92918
28811,92566
27626,92566
27626,91928
26587,91928
26587,91228
25588,91228
25588,90693
24491,90693
24491,89918
23545,89918
23545,89083
22648,89083
22648,88569
21526,88569
21526,88006
20425,88006
20425,87027
19650,87027
19650,86408
18582,86408
18582,85794
17494,85794
17494,84853
16699,84853
16699,83608
16219,83608
16219,83130
14968,83130
14968,82233
14139,82233
14139,81322
13324,81322
13324,80393
12530,80393
12530,79188
12092,79188
12092,78441
11060,78441
11060,77294
10569,77294
10569,76295
9877,76295
9877,75414
8993,75414
8993,74079
8854,74079
8854,73048
8223,73048
8223,72018
7584,72018
7584,71096
6713,71096
6713,69846
6512,69846
6512,68889
5670,68889
5670,67688
5388,67688
5388,66653
4679,66653
4679,65538
4158,65538
4158,64351
3847,64351
3847,63053
3935,63053
3935,61854
3727,61854
3727,60649
3568,60649
3568,59540
2966,59540
2966,58277
3127,58277
3127,57220
2047,57220
2047,55950
2308,55950
2308,54721
2365,54721
2365,53545
1816,53545
1816,52293
2366,52293
2366,51083
2456,51083
2456,50114
94985,50114
94985,48652
1712,48652
1712,47430
1766,47430
1766,46194
1659,46194
1659,45009
2134,45009
2134,43813
2392,43813
2392,42665
2924,42665
2924,41407
2753,41407
2753,40316
3480,40316
3480,39024
3244,39024
3244,37962
3991,37962
3991,36578
3541,36578
3541,35369
3781,35369
3781,34314
4491,34314
4491,33362
5428,33362
5428,32007
5289,32007
5289,30766
5494,30766
5494,29838
6414,29838
6414,28888
7237,28888
7237,27885
7926,27885
7926,26743
8350,26743
8350,25725
9002,25725
9002,24637
9540,24637
9540,23557
10100,23557
10100,22525
10740,22525
10740,21683
11643,21683
11643,20616
12238,20616
12238,19509
12800,19509
12800,18659
13680,18659
13680,17783
14524,17783
14524,17136
15603,17136
15603,16321
16493,16321
16493,15293
17177,15293
17177,14197
17819,14197
17819,13493
18821,13493
18821,12696
19741,12696
19741,11736
20537,11736
20537,11374
21788,11374
21788,10720
22808,10720
22808,9612
23529,9612
23529,8836
24488,8836
24488,8393
25650,8393
25650,7914
26781,7914
26781,7070
27714,7070
27714,6825
28958,6825
28958,6783
30276,6783
30276,5683
31115,5683
31115,5328
32288,5328
32288,5292
33571,5292
33571,4161
34462,4161
34462,4200
35758,4200
35758,3598
36850,3598
36850,3109
37986,3109
37986,3142
39252,3142
39252,2607
40386,2607
40386,2924
41686,2924
41686,2163
42796,2163
42796,1994
44010,1994
44010,1849
45227,1849
45227,2490
46504,2490
46504,2027
47689,2027
47689,2054
48907,2054
48907,2180
50122,2180
50122,2399
51327,2399
51327,1739
52571,1739
52571,1745
53798,1745
53798,2535
54949,2535
54949,2091
56225,2091
56225,2800
57354,2800
57354,2944
58557,2944
58557,3225
59737,3225
59737,2976
61038,2976
61038,3118
62266,3118
62266,3460
63445,3460
63445,4712
64336,4712
64336,4317
65745,4317
65745,5024
66787,5024
66787,5527
67896,5527
67896,5483
69238,5483
69238,5983
70360,5983
70360,6842
71306,6842
71306,7635
72267,7635
72267,7748
73592,7748
73592,8640
74489,8640
74489,9690
75268,9690
75268,10087
76450,10087
76450,10530
77621,10530
77621,11571
78370,11571
78370,11969
79593,11969
79593,12575
80674,12575
80674,13805
81232,13805
81232,14395
82332,14395
82332,15642
82826,15642
82826,16021
84152,16021
84152,17279
84598,17279
84598,17992
85609,17992
85609,18752
86587,18752
86587,19632
87436,19632
87436,20928
87756,20928
87756,21654
88809,21654
88809,22610
89567,22610
89567,23531
90385,23531
90385,24841
90593,24841
90593,25959
91077,25959
91077,26938
91800,26938
91800,27665
93024,27665
93024,28847
93402,28847
93402,30247
93281,30247
93281,31365
93731,31365
93731,32367
94471,32367
94471,33542
94786,33542
94786,34491
95753,34491
95753,35883
95397,35883
95397,36980
95942,36980
95942,38154
96235,38154
96235,39308
96613,39308
96613,40514
96761,40514
96761,41686
97077,41686
97077,42904
97119,42904
97119,44020
97923,44020
97923,45256
97858,45256
97858,46487
97727,46487
97727,47671
98359,47671
98359,48896
98432,48896
98432,50122